X		Y
493295.388597694	2168656.828591201
493295.283708889	2168656.747852132
493295.315164793	2168656.743414138
493295.472458418	2168656.758846957
493295.566833183	2168656.764344371
493295.545867690	2168656.780950517
493295.409552824	2168656.784321236
493295.346623187	2168656.745615460
493295.409541218	2168656.753337761
493295.545886342	2168656.830745389
493295.619293129	2168656.846209633
493295.566836084	2168656.772090240
493295.493429713	2168656.757732549
493295.430519974	2168656.772141302
493295.441020335	2168656.810866719
493295.461993703	2168656.815285074
493295.493447536	2168656.805314315
493295.461989973	2168656.805326098
493295.430539870	2168656.825255832
493295.399087694	2168656.839652800
493295.399074015	2168656.803136561
493295.399061166	2168656.768833427
493295.378082823	2168656.751136439
493295.357124793	2168656.787660534
493295.346655933	2168656.833033124
493295.409564430	2168656.815304713
493295.493432614	2168656.765478419
493295.493433029	2168656.766584971
493295.409566917	2168656.821944030
493295.357130596	2168656.803152272
493295.430503809	2168656.728985745
493295.608744272	2168656.678017549
493295.598272096	2168656.714537716
493295.493429713	2168656.757732549
493295.430517487	2168656.765501986
493295.440999610	2168656.755539083
493295.503915153	2168656.756622069
493295.514413029	2168656.788708169
493295.472478314	2168656.811961487
493295.409546607	2168656.767722946
493295.357104896	2168656.734546005
493295.409535001	2168656.736739471
493295.493432614	2168656.765478419
493295.472479143	2168656.814174593
493295.388600596	2168656.836337070
493295.388575311	2168656.768837355
493295.420029557	2168656.759973149
493295.472491578	2168656.847371174
493295.493478623	2168656.888305769
493295.441027796	2168656.830784667
493295.420020853	2168656.736735543
493295.503898159	2168656.711253407
493295.440994221	2168656.741153898
493295.399040441	2168656.713505792
493295.409537488	2168656.743378787
493295.451496656	2168656.785412078
493295.461977538	2168656.772129518
493295.420019195	2168656.732309332
493295.388557902	2168656.722362142
493295.388573653	2168656.764411145
493295.441014946	2168656.796481533
493295.482953806	2168656.784293742
493295.430517901	2168656.766608538
493295.430517901	2168656.766608538
493295.472442253	2168656.715691402
493295.503902718	2168656.723425488
493295.482955879	2168656.789826505
493295.420058158	2168656.836325286
493295.409555726	2168656.792067105
493295.420008003	2168656.702432408
493295.419996812	2168656.672555485
493295.440990905	2168656.732301476
493295.461996604	2168656.823030943
493295.441018262	2168656.805333954
493295.378086139	2168656.759988861
493295.325668057	2168656.789885424
493295.357127694	2168656.795406403
493295.493430127	2168656.758839102
493295.524886863	2168656.756614213
493295.451492511	2168656.774346551
493295.357127694	2168656.795406403
493295.378084896	2168656.756669203
493295.482934325	2168656.732285765
493295.524886034	2168656.754401108
493295.535370645	2168656.751077522
493295.472447641	2168656.730076586
493295.378061269	2168656.693595699
493295.367575000	2168656.692493074
493295.430502980	2168656.726772640
493295.451500801	2168656.796477605
493295.462004480	2168656.844055444
493295.441019920	2168656.809760166
493295.409540389	2168656.751124655
493295.399055777	2168656.754448242
493295.420044065	2168656.798702494
493295.462006138	2168656.848481654
493295.462011526	2168656.862866840
493295.441017848	2168656.804227402
493295.409533343	2168656.732313260
493295.430496348	2168656.709067797
493295.451476760	2168656.732297548
493295.430530336	2168656.799805119
493295.399092253	2168656.851824880
493295.399091839	2168656.850718327
493295.441017433	2168656.803120849
493295.514397278	2168656.746659167
493295.545852354	2168656.740008066
493295.503926759	2168656.787605544
493295.472489920	2168656.842944963
493295.451500386	2168656.795371052
493295.409534586	2168656.735632918
493295.409530441	2168656.724567391
493295.399066554	2168656.783218611
493295.399083549	2168656.828587273
493295.409555311	2168656.790960553
493295.420014635	2168656.720137252
493295.420006345	2168656.698006198
493295.388562047	2168656.733427668
493295.430515415	2168656.759969221
493295.493408988	2168656.702404913
493295.461944792	2168656.684711854
493295.388557073	2168656.720149036
493295.399049145	2168656.736743398
493295.472459247	2168656.761060063
493295.556354376	2168656.783159694
493295.556353133	2168656.779840037
493295.461974222	2168656.763277096
493295.409534586	2168656.735632918
493295.440983030	2168656.711276974
493295.524878988	2168656.735589711
493295.608780747	2168656.775394187
493295.619267016	2168656.776496812
493295.577312820	2168656.747742152
493295.577312820	2168656.747742152
493295.482920232	2168656.694662972
493295.482920232	2168656.694662972
493295.566824479	2168656.741106764
493295.545846965	2168656.725622881
493295.472447227	2168656.728970034
493295.451468055	2168656.709059941
493295.461943134	2168656.680285643
493295.493396139	2168656.668101780
493295.535365671	2168656.737798889
493295.577331058	2168656.796430471
493295.461974636	2168656.764383649
493295.357093705	2168656.704669081
493295.409532514	2168656.730100153
493295.493444220	2168656.796461893
493295.535386396	2168656.793126524
493295.524884376	2168656.749974896
493295.503893185	2168656.697974775
493295.482916087	2168656.683597445
493295.503897744	2168656.710146854
493295.503914324	2168656.754408963
493295.482945931	2168656.763269241
493295.482926035	2168656.710154710
493295.503884480	2168656.674737169
493295.524865310	2168656.699073472
493295.566820334	2168656.730041236
493295.524876915	2168656.730056947
493295.440985931	2168656.719022844
493295.388557902	2168656.722362142
493295.388567435	2168656.747812853
493295.440993807	2168656.740047344
493295.493416034	2168656.721216310
493295.451476760	2168656.732297548
493295.378083238	2168656.752242992
493295.357116088	2168656.764422928
493295.357118990	2168656.772168797
493295.420029143	2168656.758866597
493295.420029143	2168656.758866597
493295.420029143	2168656.758866597
493295.378091113	2168656.773267494
493295.409528783	2168656.720141180
493295.566802096	2168656.681352918
493295.587791217	2168656.727820276
493295.535381008	2168656.778741340
493295.524902200	2168656.797556663
493295.545861887	2168656.765458780
493295.535365671	2168656.737798889
493295.440999610	2168656.755539083
493295.336138990	2168656.750045598
493295.346621529	2168656.741189249
493295.440998781	2168656.753325977
493295.503911422	2168656.746663094
493295.451483806	2168656.751108944
493295.378081994	2168656.748923334
493295.420003029	2168656.689153776
493295.409513447	2168656.679198730
493295.325646917	2168656.733451236
493295.252275777	2168656.813150526
493295.231307801	2168656.823117357
493295.294213396	2168656.797643077
493295.399062824	2168656.773259637
493295.399062824	2168656.773259637
493295.399074844	2168656.805349665
493295.304693445	2168656.782147411
493295.304693445	2168656.782147411
493295.325641114	2168656.717959498
493295.420034946	2168656.774358334
493295.451490438	2168656.768813787
493295.440976398	2168656.693572131
493295.440963963	2168656.660375549
493295.409526296	2168656.713501864
493295.388578212	2168656.776583224
493295.399063652	2168656.775472743
493295.472446812	2168656.727863482
493295.503899817	2168656.715679619
493295.440982201	2168656.709063869
493295.440998366	2168656.752219424
493295.472466294	2168656.779871460
493295.493416449	2168656.722322863
493295.482921890	2168656.699089183
493295.451473029	2168656.722338574
493295.409537902	2168656.744485339
493295.409544120	2168656.761083630
493295.451483806	2168656.751108944
493295.524870698	2168656.713458658
493295.514394791	2168656.740019850
493295.461977952	2168656.773236070
493295.430515000	2168656.758862669
493295.420020438	2168656.735628990
493295.420008832	2168656.704645514
493295.430488887	2168656.689149848
493295.420019195	2168656.732309332
493295.388577798	2168656.775476671
493295.336155985	2168656.795414259
493295.367596969	2168656.751140367
493295.409532099	2168656.728993601
493295.420030386	2168656.762186254
493295.409578523	2168656.852927504
493295.409592202	2168656.889443744
493295.399079818	2168656.818628299
493295.420033702	2168656.771038677
493295.472477071	2168656.808641829
493295.482988209	2168656.876137617
493295.441030283	2168656.837423983
493295.441030283	2168656.837423983
493295.482913600	2168656.676958130
493295.441012045	2168656.788735664
493295.378108522	2168656.819742707
493295.325656036	2168656.757795395
493295.346611995	2168656.715738537
493295.409547436	2168656.769936052
493295.451483806	2168656.751108944
493295.472447227	2168656.728970034
493295.440985931	2168656.719022844
493295.378071632	2168656.721259517
493295.440996294	2168656.746686661
493295.451493340	2168656.776559656
493295.451489195	2168656.765494130
493295.409528783	2168656.720141180
493295.399028834	2168656.682522315
493295.420024998	2168656.747801069
493295.461984999	2168656.792047467
493295.482955879	2168656.789826505
493295.482951734	2168656.778760979
493295.482943444	2168656.756629924
493295.461974222	2168656.763277096
493295.493427640	2168656.752199785
493295.514400594	2168656.755511588
493295.461983341	2168656.787621255
493295.472473755	2168656.799789408
493295.545878881	2168656.810827441
493295.598307742	2168656.809701249
493295.545879296	2168656.811933993
493295.430522875	2168656.779887171
493295.336131115	2168656.729021097
493295.336126555	2168656.716849017
493295.409551581	2168656.781001579
493295.462003236	2168656.840735785
493295.441029454	2168656.835210878
493295.409547436	2168656.769936052
493295.430491788	2168656.696895717
493295.451453133	2168656.669224044
493295.514383600	2168656.710142927
493295.556351060	2168656.774307273
493295.535388054	2168656.797552736
493295.482948003	2168656.768802004
493295.420015464	2168656.722350358
493295.399025104	2168656.672563341
493295.440966450	2168656.667014866
493295.514393133	2168656.735593639
493295.514403081	2168656.762150904
493295.399041269	2168656.715718897
493295.357077954	2168656.662620078
493295.430485985	2168656.681403979
493295.535373132	2168656.757716838
493295.545854426	2168656.745540830
493295.440980957	2168656.705744211
493295.378062098	2168656.695808804
493295.420011319	2168656.711284829
493295.472454273	2168656.747781429
493295.482934739	2168656.733392318
493295.430488887	2168656.689149848
493295.388542565	2168656.681419691
493295.388562461	2168656.734534221
493295.472468781	2168656.786510775
493295.503931733	2168656.800884177
493295.441002926	2168656.764391505
493295.367599456	2168656.757779684
493295.357124378	2168656.786553982
493295.388591891	2168656.813099463
493295.472492821	2168656.850690832
493295.503944996	2168656.836293864
493295.472472097	2168656.795363196
493295.388585259	2168656.795394619
493295.367618108	2168656.807574555
493295.441007071	2168656.775457032
493295.524883962	2168656.748868343
493295.514401423	2168656.757724694
493295.430522461	2168656.778780618
493295.420032044	2168656.766612465
493295.451478832	2168656.737830312
493295.461956398	2168656.715695330
493295.451470542	2168656.715699258
