X	Y
496885.312632171 	2172295.020761520 
496885.260205483 	2172294.974295290 
496885.260205483 	2172294.974295290 
496885.438442179 	2172295.051723170 
496885.438442179 	2172295.051723170 
496885.281192787 	2172295.088266940 
496885.354588644 	2172295.144688520 
496885.354588644 	2172295.144688520 
496885.438459154 	2172295.149100120 
496885.323120325 	2172295.046210490 
496885.323120325 	2172295.046210490 
496885.249733725 	2172295.042903610 
496885.281196839 	2172295.111504620 
496885.302160607 	2172295.090476400 
496885.291658370 	2172294.984248820 
496885.228759346 	2172295.003071240 
496885.228759346 	2172295.003071240 
496885.218289519 	2172295.082745120 
496885.239245957 	2172295.019667760 
496885.281167902 	2172294.945521170 
496885.281167902 	2172294.945521170 
496885.333601342 	2172295.030716870 
496885.333601342 	2172295.030716870 
496885.239247500 	2172295.028520210 
496885.312627348 	2172294.993097610 
496885.312627348 	2172294.993097610 
496885.365057315 	2172295.058375300 
496885.365057315 	2172295.058375300 
496885.323115888 	2172295.020759690 
496885.302140738 	2172294.976501100 
496885.302140738 	2172294.976501100 
496885.302167552 	2172295.130312430 
496885.438451631 	2172295.105944430 
496885.417486124 	2172295.117013650 
496885.386042111 	2172295.157961710 
496885.354588258 	2172295.142475410 
496885.344091425 	2172295.067231400 
496885.344091425 	2172295.067231400 
496885.291657791 	2172294.980929150 
496885.260217057 	2172295.040688670 
496885.260217057 	2172295.040688670 
496885.333598835 	2172295.016331640 
496885.312634872 	2172295.036253310 
496885.249738933 	2172295.072780630 
496885.239264090 	2172295.123684050 
496885.354578999 	2172295.089360700 
496885.365043040 	2172294.976490130 
496885.365043040 	2172294.976490130 
496885.333593819 	2172294.987561180 
496885.396515604 	2172295.099312400 
496885.354579963 	2172295.094893480 
496885.354579963 	2172295.094893480 
496885.302141895 	2172294.983140430 
496885.302149226 	2172295.025189570 
496885.302149226 	2172295.025189570 
496885.354582664 	2172295.110385270 
496885.386043268 	2172295.164601050 
496885.312635643 	2172295.040679540 
496885.312635643 	2172295.040679540 
496885.312658020 	2172295.169040070 
496885.365080463 	2172295.191162060 
496885.344088917 	2172295.052846170 
496885.249718678 	2172294.956592220 
496885.186828722 	2172295.027422790 
496885.312642009 	2172295.077195890 
496885.312642009 	2172295.077195890 
496885.197320154 	2172295.071683220 
496885.197320154 	2172295.071683220 
496885.144901955 	2172295.073905470 
496885.354569740 	2172295.036246000 
496885.354569740 	2172295.036246000 
496885.375521163 	2172294.944398170 
496885.344084095 	2172295.025182260 
496885.302151348 	2172295.037361690 
496885.302151348 	2172295.037361690 
496885.469871919 	2172294.928889930 
496885.543285715 	2172295.088221250 
496885.417495191 	2172295.169021790 
496885.396518883 	2172295.118123860 
496885.438452981 	2172295.113690320 
496885.438452981 	2172295.113690320 
496885.354580928 	2172295.100426270 
496885.323119553 	2172295.041784260 
496885.291674960 	2172295.079412660 
496885.270708105 	2172295.082735990 
496885.260220530 	2172295.060606690 
496885.260220530 	2172295.060606690 
496885.333620054 	2172295.138052840 
496885.407014367 	2172295.185621970 
496885.323118396 	2172295.035144930 
496885.344090654 	2172295.062805180 
496885.344090654 	2172295.062805180 
496885.459426203 	2172295.146883360 
496885.396521777 	2172295.134722200 
496885.323128620 	2172295.093792410 
496885.323128562 	2172295.093460440 
496885.270700967 	2172295.041793400 
496885.333612338 	2172295.093790580 
496885.249736811 	2172295.060608520 
496885.249736811 	2172295.060608520 
496885.123925260 	2172295.020794420 
496885.396540296 	2172295.240951610 
496885.396540296 	2172295.240951610 
496885.459393796 	2172294.960981890 
496885.396499015 	2172295.004148560 
496885.333598063 	2172295.011905420 
496885.344094512 	2172295.084936310 
496885.344094512 	2172295.084936310 
496885.386036903 	2172295.128084690 
496885.427982960 	2172295.192257650 
496885.365065224 	2172295.103744110 
496885.365065224 	2172295.103744110 
496885.333610409 	2172295.082725020 
496885.239270649 	2172295.161306970 
496885.239270649 	2172295.161306970 
496885.186842033 	2172295.103775180 
496885.354592116 	2172295.164606530 
496885.354592116 	2172295.164606530 
496885.218315369 	2172295.231023670 
496885.228799279 	2172295.232128400 
496885.438473428 	2172295.230985290 
496885.448948272 	2172295.180081870 
496885.365053264 	2172295.035137620 
496885.365053264 	2172295.035137620 
496885.249743177 	2172295.097124870 
496885.249743177 	2172295.097124870 
496885.260234419 	2172295.140278740 
496885.333605779 	2172295.056167670 
496885.365063487 	2172295.093785100 
496885.407000478 	2172295.105949910 
496885.407000478 	2172295.105949910 
496885.270702317 	2172295.049539300 
496885.365054228 	2172295.040670400 
496885.365054228 	2172295.040670400 
496885.365062716 	2172295.089358880 
496885.323118010 	2172295.032931810 
496885.281178705 	2172295.007488330 
496885.365056350 	2172295.052842520 
496885.448927632 	2172295.061680350 
496885.448927632 	2172295.061680350 
496885.333596713 	2172295.004159520 
496885.291661842 	2172295.004166830 
496885.312626577 	2172294.988671390 
496885.312626577 	2172294.988671390 
496885.365073133 	2172295.149112920 
496885.291689814 	2172295.164617500 
496885.291689814 	2172295.164617500 
496885.312648182 	2172295.112605700 
496885.312648182 	2172295.112605700 
496885.323139422 	2172295.155759570 
496885.354585365 	2172295.125877060 
496885.354585365 	2172295.125877060 
496885.291680940 	2172295.113715910 
496885.239266598 	2172295.138069290 
496885.239266598 	2172295.138069290 
496885.354568389 	2172295.028500110 
496885.406991412 	2172295.053941760 
496885.365070818 	2172295.135834240 
496885.365070818 	2172295.135834240 
496885.260223423 	2172295.077205030 
496885.260223423 	2172295.077205030 
496885.427958269 	2172295.050618440 
496885.427958269 	2172295.050618440 
496885.302147682 	2172295.016337120 
496885.323107979 	2172294.975390880 
496885.323107979 	2172294.975390880 
496885.375528493 	2172294.986447310 
496885.375528493 	2172294.986447310 
496885.386023207 	2172295.049519190 
496885.312646446 	2172295.102646690 
496885.365047669 	2172295.003047480 
496885.406989869 	2172295.045089310 
496885.323143859 	2172295.181210360 
496885.260230175 	2172295.115934500 
496885.260230175 	2172295.115934500 
496885.312649340 	2172295.119245030 
496885.239252901 	2172295.059503790 
496885.218290676 	2172295.089384460 
496885.260233647 	2172295.135852520 
496885.291680940 	2172295.113715910 
496885.291680940 	2172295.113715910 
496885.333611373 	2172295.088257800 
496885.354596167 	2172295.187844220 
496885.354588837 	2172295.145795080 
496885.354588837 	2172295.145795080 
496885.333600571 	2172295.026290650 
496885.312642395 	2172295.079409010 
496885.344117853 	2172295.218829620 
496885.344109558 	2172295.171247700 
496885.312631592 	2172295.017441850 
496885.291656055 	2172294.970970140 
496885.281185264 	2172295.045111240 
496885.281185264 	2172295.045111240 
496885.333613303 	2172295.099323370 
496885.323119746 	2172295.042890820 
496885.291665507 	2172295.025191400 
496885.291665507 	2172295.025191400 
496885.344091039 	2172295.065018290 
496885.281181020 	2172295.020767000 
496885.260224195 	2172295.081631260 
496885.260224195 	2172295.081631260 
496885.302169095 	2172295.139164880 
496885.354574755 	2172295.065016460 
496885.354574755 	2172295.065016460 
496885.323121868 	2172295.055062940 
496885.270716978 	2172295.133637580 
496885.270716978 	2172295.133637580 
496885.239240362 	2172294.987577630 
496885.239240362 	2172294.987577630 
496885.260219372 	2172295.053967350 
496885.239263511 	2172295.120364380 
496885.218298778 	2172295.135859830 
496885.218298778 	2172295.135859830 
496885.396504995 	2172295.038451800 
496885.375544311 	2172295.077184930 
496885.375544311 	2172295.077184930 
496885.323138844 	2172295.152439900 
496885.323110872 	2172294.991989230 
496885.344080623 	2172295.005264250 
496885.344080623 	2172295.005264250 
496885.333622176 	2172295.150224960 
496885.281188929 	2172295.066135810 
496885.302151348 	2172295.037361690 
496885.312648375 	2172295.113712250 
496885.312659564 	2172295.177892520 
496885.312659564 	2172295.177892520 
496885.323130356 	2172295.103751420 
496885.333613303 	2172295.099323370 
496885.312651269 	2172295.130310600 
496885.312651269 	2172295.130310600 
496885.302170445 	2172295.146910770 
496885.291677082 	2172295.091584780 
496885.281184107 	2172295.038471900 
496885.281187965 	2172295.060603030 
496885.312645867 	2172295.099327020 
496885.312645867 	2172295.099327020 
496885.323132864 	2172295.118136650 
496885.354583822 	2172295.117024610 
496885.396507888 	2172295.055050150 
496885.344086024 	2172295.036247830 
496885.291680940 	2172295.113715910 
496885.291680940 	2172295.113715910 
496885.302161957 	2172295.098222290 
496885.312630435 	2172295.010802510 
496885.312630435 	2172295.010802510 
496885.260222459 	2172295.071672250 
496885.323129777 	2172295.100431750 
496885.406998549 	2172295.094884350 
496885.406998549 	2172295.094884350 
496885.386029765 	2172295.087142110 
496885.386029765 	2172295.087142110 
496885.375539102 	2172295.047307910 
496885.365058858 	2172295.067227750 
496885.365058858 	2172295.067227750 
496885.239268334 	2172295.148028290 
496885.291679397 	2172295.104863460 
496885.291679397 	2172295.104863460 
496885.396501908 	2172295.020746900 
496885.406993727 	2172295.067220440 
496885.406993727 	2172295.067220440 
496885.333604236 	2172295.047315220 
496885.270704054 	2172295.059498300 
496885.281181020 	2172295.020767000 
496885.281181020 	2172295.020767000 
496885.365062812 	2172295.089912150 
496885.344094898 	2172295.087149420 
496885.281179091 	2172295.009701440 
496885.344092004 	2172295.070551070 
496885.344092004 	2172295.070551070 
496885.375557814 	2172295.154643870 
496885.365067731 	2172295.118129340 
496885.260204711 	2172294.969869070 
496885.260204711 	2172294.969869070 
496885.323112609 	2172295.001948240 
496885.386036324 	2172295.124765020 
496885.333615232 	2172295.110388930 
496885.302150769 	2172295.034042020 
496885.302150576 	2172295.032935470 
496885.344098177 	2172295.105960880 
496885.344098177 	2172295.105960880 
496885.312650883 	2172295.128097490 
496885.312650883 	2172295.128097490 
496885.333612724 	2172295.096003700 
496885.407006073 	2172295.138040040 
496885.407006073 	2172295.138040040 
496885.417486124 	2172295.117013650 
496885.312646446 	2172295.102646690 
496885.323117238 	2172295.028505590 
496885.323117238 	2172295.028505590 
496885.218294920 	2172295.113728700 
496885.218294920 	2172295.113728700 
496885.291670330 	2172295.052855310 
496885.365040339 	2172294.960998340 
496885.396499400 	2172295.006361670 
496885.333609830 	2172295.079405350 
496885.302144789 	2172294.999738780 
496885.302144789 	2172294.999738780 
496885.407004336 	2172295.128081040 
496885.365076798 	2172295.170137490 
496885.365062330 	2172295.087145760 
496885.365062330 	2172295.087145760 
496885.490865779 	2172295.080484490 
496885.365074483 	2172295.156858810 
496885.365074483 	2172295.156858810 
496885.323138265 	2172295.149120230 
	
	
